T1 = 0.4;
T2 = 0.05;
k = 5;
P = 2;
I = 3;
D =	2.5;

