a = 3;
K11=3880;
K12 = 2.94;
K13 = 96;
K14 = 0.044;
K15 = 156;
K21=2330;
K22 = 2.8;
K23 = 117;
K24 = 0.043;
K25 = 94;
Kt1=1950;
Kt2 = 0.275;
Kt3 = 200;
Kt4 = 0.05;
Kt5 = 78;

