b = 0.6;
k = 5;
T1 = 0.05;
T2 = 0.4;
c = 12;

A = [0, 1, 0;
    0, 0, 1;
    0, -1./(T1.*T2), -(T1+T2)./(T1.*T2)];

B = [0;
    0;
    k.*(4.*c.*sqrt(1-b.^2./3.8.^2)./pi./3.8)./(T1.*T2)];

C = [1, 0, 0];


L = [200;
    500;
    200];